0.000010 0.000010 0.999980
0.000010 0.005627 0.994363
0.004783 0.000010 0.995207
0.000010 0.000010 0.999980
0.000010 0.000010 0.999980
0.056720 0.000010 0.943270
0.000010 0.036670 0.963320
0.021404 0.013952 0.964645
0.000010 0.000010 0.999980
0.000611 0.000405 0.998984
0.000010 0.000010 0.999980
0.000010 0.000010 0.999980
0.000010 0.000010 0.999980
0.016505 0.030280 0.953215
0.000010 0.000010 0.999980
0.000010 0.028073 0.971917
0.032659 0.000027 0.967315
0.054288 0.000010 0.945702
0.000010 0.000010 0.999980
0.039656 0.000010 0.960334
0.015621 0.804485 0.179894
0.003076 0.782124 0.214800
0.000010 0.829608 0.170382
0.013495 0.883479 0.103026
0.000010 0.854412 0.145578
0.020022 0.855837 0.124142
0.010546 0.957763 0.031692
0.000854 0.999136 0.000010
0.000026 0.974099 0.025876
0.000010 0.967373 0.032617
0.000010 0.935421 0.064569
0.020235 0.916554 0.063211
0.019886 0.913189 0.066925
0.019319 0.893810 0.086871
0.033473 0.887897 0.078629
0.149938 0.824100 0.025961
0.158112 0.803957 0.037930
0.173455 0.811500 0.015046
0.161081 0.828579 0.010340
0.559835 0.432788 0.007377
0.000010 0.000010 0.999980
0.000010 0.088541 0.911449
0.000010 0.784680 0.215310
0.000322 0.758989 0.240689
0.000010 0.927774 0.072216
0.005411 0.900096 0.094493
0.032522 0.844531 0.122946
0.000010 0.813798 0.186192
0.000010 0.966548 0.033442
0.017385 0.944077 0.038538
0.000010 0.968134 0.031856
0.000010 0.999980 0.000010
0.000010 0.919273 0.080717
0.000010 0.922063 0.077927
0.000010 0.917278 0.082712
0.032451 0.896312 0.071237
0.000010 0.925298 0.074692
0.106416 0.630164 0.263420
0.129956 0.852419 0.017625
0.117555 0.735672 0.146772
0.158696 0.841178 0.000126
0.431990 0.558768 0.009243
0.000010 0.000010 0.999980
0.000010 0.000010 0.999980
0.000010 0.000010 0.999980
0.000010 0.000010 0.999980
0.000010 0.048010 0.951980
0.000010 0.032410 0.967580
0.000010 0.039681 0.960309
0.038834 0.000010 0.961156
0.033274 0.027172 0.939554
0.000010 0.000010 0.999980
0.004751 0.763656 0.231593
0.000010 0.774123 0.225867
0.000010 0.776033 0.223957
0.030626 0.869010 0.100364
0.000010 0.914409 0.085581
0.000010 0.898134 0.101856
0.000010 0.992477 0.007513
0.000010 0.999980 0.000010
0.000252 0.969461 0.030287
0.000010 0.999980 0.000010
0.000015 0.923157 0.076827
0.000010 0.921505 0.078485
0.000010 0.000010 0.999980
0.000010 0.001434 0.998556
0.003404 0.000010 0.996586
0.000010 0.000060 0.999930
0.023211 0.038034 0.938755
0.016900 0.032374 0.950726
0.000010 0.046884 0.953106
0.000010 0.000010 0.999980
0.000010 0.094150 0.905840
0.019297 0.000010 0.980693
0.000010 0.779163 0.220827
0.007357 0.768116 0.224527
0.000010 0.780429 0.219561
0.000010 0.901333 0.098657
0.000010 0.918228 0.081762
0.016546 0.865070 0.118384
0.000010 0.931475 0.068515
0.022226 0.944422 0.033352
0.000010 0.999980 0.000010
0.016924 0.932964 0.050112
0.000010 0.925780 0.074210
0.000010 0.942636 0.057354
0.000010 0.000010 0.999980
0.000010 0.000010 0.999980
0.008351 0.000061 0.991589
0.000014 0.000010 0.999976
0.023751 0.041059 0.935190
0.033157 0.000010 0.966833
0.008693 0.034133 0.957175
0.000010 0.000010 0.999980
0.025259 0.017481 0.957261
0.025682 0.040935 0.933384
0.000010 0.000039 0.999951
0.012313 0.777502 0.210185
0.000010 0.768934 0.231056
0.000096 0.772093 0.227811
0.000010 0.918193 0.081797
0.010002 0.843431 0.146567
0.005859 0.854327 0.139813
0.005242 0.933261 0.061497
0.022332 0.942851 0.034818
0.026576 0.955672 0.017751
0.000010 0.969099 0.030891
0.000010 0.999980 0.000010
0.018182 0.912449 0.069369
0.000010 0.913598 0.086392
0.000010 0.000010 0.999980
0.000010 0.000010 0.999980
0.000010 0.000097 0.999893
0.000010 0.000010 0.999980
0.046577 0.000130 0.953293
0.030762 0.045578 0.923660
0.031277 0.001435 0.967288
0.019462 0.017023 0.963515
0.030325 0.000086 0.969589
0.000010 0.154168 0.845822
0.000010 0.000030 0.999960
0.000010 0.763299 0.236691
0.001655 0.764182 0.234163
0.011778 0.767180 0.221042
0.022324 0.917230 0.060446
0.039312 0.859799 0.100889
0.016887 0.889667 0.093445
0.031124 0.901770 0.067105
0.000010 0.961515 0.038475
0.007306 0.961700 0.030993
0.000010 0.951779 0.048211
0.000010 0.999980 0.000010
0.000010 0.875628 0.124362
0.027587 0.784298 0.188115
0.027851 0.000010 0.972139
0.000010 0.000010 0.999980
0.005927 0.000042 0.994031
0.008422 0.000030 0.991547
0.000010 0.000075 0.999915
0.018901 0.049366 0.931734
0.022276 0.050658 0.927066
0.025573 0.000016 0.974411
0.022265 0.027993 0.949741
0.000182 0.162702 0.837116
0.000010 0.032082 0.967908
0.011594 0.723221 0.265185
0.018601 0.747483 0.233916
0.000029 0.786233 0.213739
0.018983 0.868047 0.112970
0.000017 0.877455 0.122528
0.000010 0.837324 0.162666
0.014467 0.906790 0.078743
0.018187 0.943954 0.037858
0.012884 0.949453 0.037663
0.029933 0.938228 0.031838
0.017405 0.950504 0.032092
0.015264 0.903595 0.081141
0.031843 0.891585 0.076572
0.000010 0.000010 0.999980
0.000053 0.000010 0.999937
0.000587 0.000510 0.998903
0.000010 0.000010 0.999980
0.000010 0.052598 0.947392
0.016220 0.028790 0.954990
0.016781 0.000113 0.983106
0.000010 0.038951 0.961039
0.030783 0.045648 0.923570
0.012001 0.022647 0.965352
0.012929 0.743817 0.243253
0.015628 0.394888 0.589483
0.000161 0.896997 0.102842
0.018994 0.880703 0.100303
0.000010 0.921347 0.078643
0.000010 0.896970 0.103020
0.015722 0.916066 0.068212
0.000010 0.970744 0.029246
0.033682 0.934920 0.031398
0.017796 0.937056 0.045148
0.000010 0.912476 0.087514
0.023972 0.888331 0.087696
0.012374 0.000010 0.987616
0.007895 0.000010 0.992095
0.000301 0.000014 0.999686
0.000010 0.000010 0.999980
0.048022 0.000010 0.951968
0.024038 0.069813 0.906149
0.009931 0.007416 0.982652
0.018001 0.034504 0.947495
0.017548 0.903548 0.078904
0.000010 0.999980 0.000010
0.000010 0.937748 0.062242
0.000058 0.964489 0.035452
0.019518 0.953682 0.026800
0.037634 0.887238 0.075128
0.015227 0.905337 0.079436
0.000010 0.999980 0.000010
0.031213 0.891088 0.077699
0.153817 0.830478 0.015705
0.142615 0.837994 0.019390
0.134523 0.823567 0.041910
0.140353 0.833731 0.025916
0.156878 0.806883 0.036239
0.003553 0.000010 0.996437
0.001474 0.000010 0.998516
0.007084 0.000010 0.992906
0.000026 0.000010 0.999964
0.028384 0.025506 0.946110
0.000010 0.046188 0.953802
0.000010 0.022861 0.977129
0.024994 0.000014 0.974992
0.007045 0.928874 0.064081
0.029491 0.895780 0.074728
0.000010 0.971624 0.028366
0.035000 0.922954 0.042046
0.029843 0.957897 0.012260
0.000010 0.978711 0.021279
0.000010 0.915722 0.084268
0.017837 0.905904 0.076260
0.000039 0.921938 0.078023
0.000010 0.866880 0.133110
0.158519 0.814459 0.027022
0.135686 0.717149 0.147164
0.122076 0.855068 0.022856
0.124021 0.769950 0.106028
0.557723 0.436547 0.005731
0.514100 0.474363 0.011538
0.000141 0.000010 0.999849
0.051006 0.948984 0.000010
0.006242 0.000010 0.993748
0.027187 0.019575 0.953238
0.000010 0.046472 0.953518
0.000010 0.000010 0.999980
0.000010 0.917649 0.082341
0.000165 0.935169 0.064665
0.024740 0.945386 0.029874
0.026287 0.938242 0.035471
0.000010 0.962899 0.037091
0.026360 0.965296 0.008344
0.011185 0.867607 0.121209
0.017830 0.947716 0.034454
0.000010 0.922379 0.077611
0.001433 0.887604 0.110963
0.138171 0.839183 0.022646
0.154192 0.845798 0.000010
0.205132 0.772680 0.022189
0.133616 0.815144 0.051241
0.458460 0.541530 0.000010
0.015505 0.892533 0.091962
0.000010 0.000010 0.999980
0.000010 0.000010 0.999980
0.018595 0.036796 0.944609
0.000010 0.038401 0.961589
0.021552 0.000010 0.978438
0.032024 0.000055 0.967921
0.000010 0.764181 0.235809
0.011358 0.693563 0.295079
0.000076 0.926478 0.073446
0.000010 0.895489 0.104501
0.032396 0.931345 0.036260
0.000010 0.954128 0.045862
0.010508 0.989482 0.000010
0.000010 0.950950 0.049040
0.000010 0.918230 0.081760
0.030316 0.855851 0.113833
0.026649 0.883594 0.089756
0.144918 0.855072 0.000010
0.163881 0.780915 0.055205
0.131423 0.837661 0.030916
0.143575 0.847417 0.009008
0.554949 0.429965 0.015086
0.025378 0.887456 0.087166
0.000010 0.925787 0.074203
0.000308 0.848070 0.151622
0.138974 0.841949 0.019077
0.142053 0.854876 0.003072
0.124668 0.864343 0.010989
0.145266 0.842958 0.011776
0.510998 0.483580 0.005422
0.475238 0.524752 0.000010
0.121342 0.837978 0.040680
0.108888 0.841323 0.049789
0.195525 0.739658 0.064817
0.214379 0.756877 0.028744
0.229380 0.751323 0.019297
0.230022 0.767016 0.002961
0.201070 0.780331 0.018598
0.195024 0.795852 0.009123
0.176292 0.812961 0.010747
0.283354 0.707997 0.008649
0.304006 0.695984 0.000010
0.999405 0.000380 0.000215
0.956366 0.043619 0.000014
0.955195 0.044424 0.000382
0.952963 0.046868 0.000170
0.031911 0.884810 0.083278
0.000010 0.920632 0.079358
0.044425 0.878065 0.077510
0.167842 0.811096 0.021062
0.138802 0.810557 0.050641
0.140474 0.831541 0.027985
0.174919 0.787368 0.037713
0.535381 0.464609 0.000010
0.513394 0.473203 0.013404
0.131547 0.827134 0.041320
0.120825 0.818494 0.060681
0.221485 0.732137 0.046378
0.221774 0.754285 0.023941
0.174507 0.808939 0.016553
0.262599 0.724548 0.012853
0.216352 0.764441 0.019207
0.169239 0.828224 0.002537
0.165188 0.828552 0.006260
0.300428 0.699562 0.000010
0.290246 0.681441 0.028313
0.966947 0.029097 0.003956
0.972022 0.024853 0.003125
0.971583 0.028357 0.000060
0.959726 0.032412 0.007862
0.000010 0.910557 0.089433
0.024897 0.902178 0.072925
0.020327 0.880452 0.099222
0.111765 0.841240 0.046995
0.147672 0.833564 0.018764
0.180682 0.800285 0.019033
0.177642 0.799703 0.022655
0.532736 0.467254 0.000010
0.527455 0.472535 0.000010
0.112370 0.822808 0.064822
0.192480 0.720821 0.086698
0.225707 0.750769 0.023524
0.216038 0.783952 0.000010
0.166928 0.832994 0.000078
0.251900 0.746465 0.001634
0.119385 0.880605 0.000010
0.173167 0.811780 0.015053
0.179982 0.820008 0.000010
0.280928 0.719062 0.000010
0.285942 0.714048 0.000010
0.969155 0.028076 0.002768
0.954769 0.030598 0.014633
0.999832 0.000010 0.000158
0.947492 0.052491 0.000017
0.000010 0.911669 0.088321
0.000010 0.923425 0.076565
0.125655 0.808800 0.065545
0.299020 0.700970 0.000010
0.157540 0.815492 0.026968
0.499998 0.499992 0.000010
0.000010 0.943887 0.056103
0.547684 0.452306 0.000010
0.138166 0.834201 0.027633
0.092411 0.680991 0.226598
0.234818 0.765172 0.000010
0.222487 0.758127 0.019386
0.223660 0.776330 0.000010
0.165070 0.834920 0.000010
0.162261 0.834788 0.002951
0.190297 0.809591 0.000112
0.195137 0.804028 0.000835
0.299506 0.690101 0.010393
0.272844 0.727146 0.000010
0.960471 0.027361 0.012169
0.967804 0.012157 0.020039
0.977947 0.022043 0.000010
0.947233 0.052610 0.000156
0.037997 0.000015 0.961988
0.964057 0.035933 0.000010
0.964810 0.035180 0.000010
0.964092 0.035638 0.000271
0.945669 0.045519 0.008812
0.938122 0.061868 0.000010
0.954703 0.040200 0.005097
0.999980 0.000010 0.000010
0.572822 0.423680 0.003498
0.982640 0.017350 0.000010
0.977300 0.022048 0.000653
0.914524 0.085466 0.000010
0.845739 0.154251 0.000010
0.930998 0.068927 0.000075
0.914560 0.074175 0.011265
0.538287 0.451589 0.010124
0.529586 0.456079 0.014335
0.964242 0.035748 0.000010
0.951710 0.048280 0.000010
0.999980 0.000010 0.000010
0.917679 0.082311 0.000010
0.937591 0.062399 0.000010
0.999980 0.000010 0.000010
0.902649 0.097341 0.000010
0.585151 0.414627 0.000223
0.000010 0.912315 0.087675
0.016178 0.905684 0.078139
0.144619 0.855371 0.000010
0.145368 0.827274 0.027358
0.124454 0.875536 0.000010
0.125738 0.874252 0.000010
0.140184 0.804225 0.055592
0.578497 0.421493 0.000010
0.535334 0.464656 0.000010
0.112285 0.851558 0.036157
0.105394 0.798328 0.096277
0.185054 0.665202 0.149744
0.224994 0.774996 0.000010
0.377584 0.615151 0.007265
0.221905 0.778085 0.000010
0.163952 0.835936 0.000112
0.191799 0.798541 0.009660
0.174598 0.825392 0.000010
0.329432 0.670558 0.000010
0.276908 0.723082 0.000010
0.967448 0.022790 0.009762
0.963557 0.032664 0.003779
0.999403 0.000587 0.000010
0.945397 0.054593 0.000010
0.544839 0.455151 0.000010
0.332389 0.655084 0.012527
0.199822 0.739448 0.060731
0.125260 0.843845 0.030895
0.216444 0.769654 0.013902
0.211868 0.760026 0.028106
0.234035 0.765955 0.000010
0.192206 0.807784 0.000010
0.174528 0.825462 0.000010
0.166322 0.833668 0.000010
0.306458 0.693532 0.000010
0.295801 0.704069 0.000130
0.999980 0.000010 0.000010
0.971481 0.025149 0.003370
0.934742 0.054518 0.010740
0.964456 0.035021 0.000524
0.947447 0.045191 0.007362
0.973741 0.026249 0.000010
0.943106 0.052351 0.004543
0.941950 0.054949 0.003101
0.946682 0.053308 0.000010
0.534914 0.465076 0.000010
0.540791 0.451742 0.007467
0.109726 0.494013 0.396260
0.122060 0.877930 0.000010
0.135097 0.825558 0.039345
0.232947 0.754103 0.012950
0.255190 0.719797 0.025012
0.223225 0.762837 0.013938
0.233871 0.766119 0.000010
0.185674 0.814316 0.000010
0.176787 0.823203 0.000010
0.295319 0.683627 0.021054
0.966899 0.033091 0.000010
0.995087 0.000010 0.004903
0.961502 0.028917 0.009581
0.962110 0.037880 0.000010
0.963116 0.030305 0.006579
0.948794 0.051196 0.000010
0.967976 0.031468 0.000556
0.972859 0.027131 0.000010
0.937275 0.062715 0.000010
0.942795 0.057173 0.000032
0.946410 0.053580 0.000010
0.629501 0.361066 0.009433
0.505036 0.481088 0.013876
0.126956 0.805319 0.067725
0.124098 0.812372 0.063530
0.214794 0.762298 0.022908
0.220872 0.761416 0.017712
0.221736 0.778254 0.000010
0.179575 0.820415 0.000010
0.147308 0.837219 0.015473
0.175995 0.823995 0.000010
0.189540 0.810450 0.000010
0.298245 0.701745 0.000010
0.316448 0.665948 0.017604
0.971407 0.020089 0.008504
0.969869 0.030121 0.000010
0.977965 0.006823 0.015212
0.939255 0.052987 0.007757
0.968770 0.017665 0.013565
0.949848 0.041873 0.008278
0.969174 0.022140 0.008686
0.941755 0.056167 0.002078
0.920944 0.072518 0.006538
0.954708 0.040003 0.005289
0.852984 0.134675 0.012342
0.477563 0.511731 0.010706
0.512945 0.474488 0.012568
0.135456 0.825375 0.039169
0.108289 0.831712 0.059999
0.220743 0.779247 0.000010
0.253728 0.746262 0.000010
0.191642 0.807975 0.000383
0.172879 0.827111 0.000010
0.178201 0.821789 0.000010
0.176554 0.823334 0.000111
0.187401 0.799043 0.013556
0.301532 0.698458 0.000010
0.268161 0.731829 0.000010
0.971538 0.023400 0.005062
0.953426 0.040540 0.006034
0.962689 0.037301 0.000010
0.936427 0.058208 0.005365
0.978633 0.021357 0.000010
0.960672 0.034356 0.004972
0.942189 0.044879 0.012932
0.937743 0.056735 0.005522
0.917755 0.082234 0.000011
0.952392 0.047577 0.000031
0.947180 0.052810 0.000010
0.124042 0.695019 0.180939
0.546145 0.453528 0.000327
0.093639 0.765612 0.140748
0.122998 0.837514 0.039488
0.131922 0.451810 0.416268
0.159368 0.821951 0.018681
0.208610 0.791380 0.000010
0.205780 0.793789 0.000431
0.189513 0.810477 0.000010
0.304003 0.681434 0.014563
0.278232 0.709200 0.012568
0.965355 0.029761 0.004883
0.977285 0.012377 0.010338
0.993254 0.006736 0.000010
0.966550 0.026491 0.006959
0.131833 0.842951 0.025216
0.948336 0.034864 0.016800
0.963129 0.024811 0.012060
0.936872 0.058430 0.004698
0.922758 0.060524 0.016718
0.866869 0.126479 0.006651
0.948316 0.042039 0.009645
0.458952 0.531171 0.009877
0.949895 0.049775 0.000330
0.545242 0.454748 0.000010
0.147249 0.795422 0.057329
0.129891 0.870099 0.000010
0.208284 0.687735 0.103981
0.221289 0.758234 0.020477
0.209073 0.786327 0.004600
0.179833 0.816181 0.003986
0.092777 0.860571 0.046652
0.108593 0.865491 0.025916
0.210590 0.769932 0.019478
0.209432 0.771904 0.018664
0.209559 0.780182 0.010259
0.983108 0.000039 0.016853
0.956618 0.040436 0.002946
0.960041 0.039943 0.000017
0.974610 0.013409 0.011981
0.924063 0.066211 0.009726
0.927525 0.072465 0.000010
0.759937 0.231430 0.008632
0.529122 0.462693 0.008185
0.959219 0.040771 0.000010
0.197976 0.795306 0.006718
0.320446 0.679227 0.000328
0.285878 0.690051 0.024071
0.286151 0.700752 0.013097
0.981702 0.000010 0.018288
0.969762 0.017620 0.012618
0.973732 0.017561 0.008707
0.967656 0.019161 0.013183
0.968167 0.031823 0.000010
0.949987 0.042977 0.007036
0.917723 0.076129 0.006148
0.906681 0.093309 0.000010
0.951102 0.048888 0.000010
0.933789 0.060004 0.006206
0.947936 0.041170 0.010894
0.946211 0.038704 0.015085
0.959216 0.034979 0.005805
0.928879 0.062420 0.008701
0.912171 0.080859 0.006971
0.845431 0.154222 0.000347
0.943171 0.055486 0.001343
0.489392 0.506417 0.004192
0.963569 0.020670 0.015761
0.975546 0.024444 0.000010
0.950319 0.049531 0.000149
0.999980 0.000010 0.000010
0.913069 0.078427 0.008504
0.864104 0.134895 0.001001
0.885514 0.114476 0.000010
0.970577 0.021784 0.007638
0.999939 0.000051 0.000010
0.974196 0.025794 0.000010
0.999980 0.000010 0.000010
0.638266 0.249588 0.112147
0.638617 0.246064 0.115319
0.711054 0.194297 0.094649
0.687638 0.218117 0.094244
0.041060 0.958930 0.000010
0.047923 0.951898 0.000179
0.000010 0.997640 0.002350
0.029248 0.962893 0.007859
0.028292 0.971698 0.000010
0.000010 0.984349 0.015641
0.013431 0.986176 0.000393
0.047125 0.947446 0.005429
0.052850 0.943945 0.003205
0.031141 0.960463 0.008396
0.972779 0.027133 0.000088
0.949279 0.034865 0.015856
0.968384 0.031606 0.000010
0.889494 0.099899 0.010607
0.833244 0.165573 0.001183
0.947322 0.052658 0.000020
0.984091 0.000043 0.015866
0.965200 0.034061 0.000739
0.922101 0.077889 0.000010
0.851292 0.148698 0.000010
0.656246 0.230874 0.112880
0.650037 0.248408 0.101556
0.708893 0.192094 0.099013
0.000010 0.985959 0.014031
0.044005 0.955985 0.000010
0.950277 0.049713 0.000010
0.032761 0.956594 0.010645
0.030012 0.960811 0.009177
0.000010 0.980931 0.019059
0.030106 0.969884 0.000010
0.018105 0.965498 0.016397
0.040325 0.959635 0.000039
0.054297 0.937964 0.007739
0.000010 0.993538 0.006452
0.999980 0.000010 0.000010
0.957604 0.042323 0.000073
0.951185 0.048805 0.000010
0.911587 0.088391 0.000022
0.821513 0.178477 0.000010
0.874223 0.125767 0.000010
0.971223 0.012455 0.016322
0.977099 0.011951 0.010950
0.975873 0.024117 0.000010
0.893649 0.088525 0.017826
0.702308 0.209103 0.088589
0.647206 0.237593 0.115201
0.702636 0.224695 0.072669
0.038623 0.961188 0.000188
0.053454 0.946536 0.000010
0.055486 0.936057 0.008457
0.000010 0.999980 0.000010
0.033629 0.960643 0.005728
0.007990 0.991872 0.000138
0.009172 0.990818 0.000010
0.027598 0.962169 0.010233
0.000010 0.980347 0.019643
0.065495 0.931887 0.002617
0.069682 0.930123 0.000195
0.949629 0.050361 0.000010
0.985459 0.000010 0.014531
0.950024 0.040661 0.009314
0.876329 0.113948 0.009724
0.664475 0.333881 0.001644
0.858342 0.141648 0.000010
0.972953 0.018313 0.008734
0.972901 0.024875 0.002224
0.995282 0.004708 0.000010
0.809357 0.162036 0.028607
0.643685 0.248580 0.107735
0.702723 0.199803 0.097474
0.704147 0.201680 0.094173
0.054269 0.945721 0.000010
0.046134 0.953840 0.000026
0.000010 0.999980 0.000010
0.282146 0.707941 0.009913
0.304407 0.695583 0.000010
0.956725 0.034586 0.008689
0.961093 0.032899 0.006007
0.943127 0.048419 0.008454
0.020611 0.880678 0.098711
0.971875 0.026427 0.001697
0.978854 0.018920 0.002227
0.949459 0.041498 0.009042
0.898872 0.091072 0.010056
0.793195 0.206795 0.000010
0.881209 0.118781 0.000010
0.999980 0.000010 0.000010
0.999980 0.000010 0.000010
0.974216 0.025213 0.000571
0.916199 0.059207 0.024594
0.638568 0.249004 0.112428
0.720808 0.191265 0.087927
0.692804 0.214891 0.092305
0.018508 0.981482 0.000010
0.054204 0.945786 0.000010
0.000010 0.999936 0.000054
0.981774 0.018110 0.000116
0.945226 0.054087 0.000687
0.855206 0.144771 0.000022
0.872478 0.127512 0.000010
0.731455 0.268374 0.000171
0.956911 0.043079 0.000010
0.952610 0.029474 0.017917
0.980385 0.000010 0.019605
0.954483 0.035293 0.010223
0.906089 0.084663 0.009248
0.872220 0.127770 0.000010
0.865790 0.134200 0.000010
0.964451 0.035539 0.000010
0.975921 0.020701 0.003378
0.979793 0.000010 0.020197
0.849819 0.125269 0.024913
0.662795 0.241542 0.095662
0.702619 0.204378 0.093002
0.704355 0.206388 0.089256
0.046277 0.943251 0.010472
0.000010 0.989026 0.010964
0.027338 0.959370 0.013292
0.029410 0.970580 0.000010
0.000010 0.992799 0.007191
0.010541 0.987297 0.002162
0.000010 0.999980 0.000010
0.043315 0.952054 0.004631
0.000010 0.999980 0.000010
0.098639 0.891911 0.009451
0.146212 0.829458 0.024330
0.946474 0.053516 0.000011
0.973813 0.025776 0.000412
0.952762 0.047228 0.000010
0.871858 0.116471 0.011671
0.858284 0.141705 0.000011
0.848525 0.151461 0.000014
0.967547 0.020474 0.011979
0.981902 0.000010 0.018088
0.982159 0.000010 0.017831
0.854273 0.128439 0.017288
0.652276 0.237158 0.110565
0.704415 0.199042 0.096543
0.708392 0.207248 0.084360
0.037812 0.949692 0.012496
0.032770 0.967220 0.000010
0.033799 0.958289 0.007913
0.146415 0.853575 0.000010
0.129192 0.870798 0.000010
0.131639 0.868351 0.000010
0.962199 0.037790 0.000012
0.953190 0.046800 0.000010
0.947690 0.052148 0.000161
0.717958 0.281502 0.000540
0.646475 0.241603 0.111923
0.651241 0.238679 0.110080
0.712335 0.210995 0.076670
0.717331 0.190014 0.092656
0.030532 0.945727 0.023741
0.038495 0.957836 0.003669
0.966629 0.000010 0.033361
0.987732 0.000010 0.012258
0.880294 0.108435 0.011271
0.853786 0.146087 0.000127
0.852761 0.139150 0.008088
0.972239 0.022270 0.005491
0.041596 0.957601 0.000802
0.027523 0.964565 0.007912
0.000010 0.988360 0.011630
0.024068 0.962605 0.013327
0.000010 0.981158 0.018832
0.027122 0.957894 0.014984
0.056438 0.943552 0.000010
0.126282 0.868374 0.005344
0.999970 0.000010 0.000020
0.999973 0.000017 0.000010
0.999435 0.000555 0.000010
0.999980 0.000010 0.000010
0.999296 0.000694 0.000010
0.999978 0.000012 0.000010
0.999959 0.000031 0.000010
0.999980 0.000010 0.000010
0.937750 0.044903 0.017347
0.999980 0.000010 0.000010
0.963469 0.036521 0.000010
0.902705 0.097285 0.000010
0.858960 0.141030 0.000010
0.831763 0.168227 0.000010
0.999959 0.000016 0.000025
0.999453 0.000170 0.000377
0.842657 0.133037 0.024306
0.642228 0.250373 0.107399
0.723964 0.201487 0.074549
0.703119 0.213362 0.083520
0.000021 0.998772 0.001207
0.034782 0.965208 0.000010
0.030939 0.967130 0.001931
0.999980 0.000010 0.000010
0.999980 0.000010 0.000010
0.999766 0.000010 0.000224
0.999980 0.000010 0.000010
0.999980 0.000010 0.000010
0.000010 0.983325 0.016665
0.015858 0.970954 0.013188
0.008907 0.977672 0.013421
0.849731 0.150259 0.000010
0.654169 0.237459 0.108372
0.655088 0.233818 0.111094
0.700894 0.208812 0.090294
0.053350 0.936227 0.010423
0.024000 0.969943 0.006057
0.034267 0.965723 0.000010
0.015491 0.984499 0.000010
0.032296 0.967694 0.000010
0.000010 0.999980 0.000010
0.016273 0.972544 0.011183
0.019090 0.980900 0.000010
0.030187 0.952963 0.016851
0.051978 0.948012 0.000010
0.000010 0.999980 0.000010
0.999980 0.000010 0.000010
0.999980 0.000010 0.000010
0.999980 0.000010 0.000010
0.999980 0.000010 0.000010
0.999973 0.000017 0.000010
0.037451 0.949317 0.013231
0.037751 0.954819 0.007429
0.053278 0.946712 0.000010
0.000010 0.988031 0.011959
0.000010 0.993560 0.006430
0.000021 0.991867 0.008111
0.000010 0.987025 0.012965
0.039275 0.954083 0.006643
0.000010 0.999980 0.000010
0.043675 0.954424 0.001901
0.088147 0.911843 0.000010
0.078451 0.921539 0.000010
0.121013 0.878977 0.000010
0.140471 0.853086 0.006443
0.115014 0.884976 0.000010
0.990926 0.009064 0.000010
0.969786 0.030204 0.000010
0.898422 0.079412 0.022166
0.887866 0.088648 0.023485
0.999550 0.000440 0.000010
0.999976 0.000014 0.000010
0.999964 0.000026 0.000010
0.999958 0.000032 0.000010
0.999447 0.000543 0.000010
0.926084 0.070771 0.003144
0.917005 0.082985 0.000010
0.490922 0.495613 0.013466
0.053316 0.000010 0.946674
0.002484 0.052664 0.944853
0.004098 0.035348 0.960554
0.000010 0.762650 0.237340
0.017083 0.768462 0.214455
0.013335 0.895301 0.091364
0.000010 0.872980 0.127010
0.001935 0.849118 0.148947
0.023877 0.970393 0.005730
0.000010 0.999980 0.000010
0.010385 0.974218 0.015397
0.000249 0.990101 0.009650
0.031918 0.968072 0.000010
0.020803 0.979187 0.000010
0.046292 0.952268 0.001440
0.153093 0.838371 0.008536
0.928656 0.071334 0.000010
0.996459 0.003531 0.000010
0.999980 0.000010 0.000010
0.999980 0.000010 0.000010
0.999980 0.000010 0.000010
0.133394 0.866593 0.000013
0.119355 0.880635 0.000010
0.999192 0.000798 0.000010
0.034950 0.955647 0.009403
0.000010 0.999980 0.000010
0.008558 0.991432 0.000010
0.000016 0.999831 0.000153
0.009480 0.978235 0.012285
0.032849 0.958929 0.008222
0.053146 0.936144 0.010711
0.072776 0.913658 0.013566
0.106780 0.882126 0.011094
0.144453 0.855537 0.000010
0.142877 0.857105 0.000018
0.961642 0.038062 0.000296
0.987015 0.012975 0.000010
0.986331 0.013659 0.000010
0.948749 0.044645 0.006606
0.864874 0.135017 0.000109
0.995063 0.004829 0.000108
0.999946 0.000044 0.000010
0.999188 0.000679 0.000133
0.999980 0.000010 0.000010
0.999980 0.000010 0.000010
0.943584 0.056406 0.000010
0.890711 0.109279 0.000010
0.946727 0.053263 0.000010
0.023353 0.055336 0.921312
0.000026 0.000010 0.999964
0.006727 0.782658 0.210615
0.031647 0.243776 0.724578
0.000010 0.796667 0.203323
0.010469 0.913936 0.075595
0.012845 0.933148 0.054008
0.021745 0.051882 0.926373
0.022378 0.016147 0.961475
0.021015 0.618980 0.360005
0.000010 0.791336 0.208654
0.000010 0.878453 0.121537
0.040292 0.182095 0.777613
0.012116 0.920988 0.066896
0.946358 0.037757 0.015885
0.999933 0.000057 0.000010
0.955661 0.038493 0.005847
0.858790 0.141198 0.000012
0.808487 0.183115 0.008399
0.960178 0.035078 0.004744
0.963177 0.027224 0.009599
0.999980 0.000010 0.000010
0.121095 0.878895 0.000010
0.153665 0.846325 0.000010
0.141295 0.858664 0.000040
0.948747 0.051243 0.000010
0.970148 0.029842 0.000010
0.938267 0.061723 0.000010
0.924450 0.075540 0.000010
0.710742 0.274227 0.015031
0.083367 0.916623 0.000010
0.106572 0.893418 0.000010
0.131401 0.868589 0.000010
0.958711 0.041279 0.000010
0.892890 0.105518 0.001591
0.947645 0.052345 0.000010
0.842373 0.131927 0.025700
0.999980 0.000010 0.000010
0.999949 0.000041 0.000010
0.999980 0.000010 0.000010
0.998811 0.001179 0.000010
0.999966 0.000018 0.000017
0.999980 0.000010 0.000010
0.999980 0.000010 0.000010
0.998281 0.001709 0.000010
0.999980 0.000010 0.000010
0.999980 0.000010 0.000010
0.999980 0.000010 0.000010
0.829249 0.154610 0.016141
0.640028 0.252495 0.107477
0.000010 0.999980 0.000010
0.000010 0.999980 0.000010
0.031635 0.963501 0.004864
0.000010 0.999980 0.000010
0.131640 0.868350 0.000010
0.141942 0.854329 0.003729
0.999980 0.000010 0.000010
0.999077 0.000913 0.000010
0.964783 0.035207 0.000010
0.815240 0.177759 0.007001
0.874402 0.100002 0.025597
0.999085 0.000010 0.000905
0.998538 0.000900 0.000561
0.999980 0.000010 0.000010
0.999980 0.000010 0.000010
0.999980 0.000010 0.000010
0.989844 0.010146 0.000010
0.999959 0.000031 0.000010
0.999980 0.000010 0.000010
0.299118 0.700872 0.000010
0.240158 0.759717 0.000125
0.007466 0.982477 0.010056
0.023166 0.967217 0.009618
0.009002 0.981159 0.009839
0.016823 0.973244 0.009934
0.037598 0.962392 0.000010
0.051484 0.947346 0.001170
0.036551 0.963439 0.000010
0.091053 0.908521 0.000427
0.139448 0.855337 0.005215
0.159735 0.833212 0.007053
0.999754 0.000236 0.000010
0.987824 0.010611 0.001565
0.933804 0.066186 0.000010
0.933295 0.066695 0.000010
0.984691 0.015299 0.000010
0.086266 0.909825 0.003909
0.128512 0.865959 0.005528
0.135357 0.864633 0.000010
0.999899 0.000091 0.000010
0.957652 0.042113 0.000235
0.933203 0.066787 0.000010
0.709948 0.280511 0.009541
0.999980 0.000010 0.000010
0.055834 0.944156 0.000010
0.131965 0.868025 0.000010
0.159379 0.832772 0.007849
0.949002 0.050923 0.000075
0.999980 0.000010 0.000010
0.999728 0.000262 0.000010
0.880569 0.119421 0.000010
0.000010 0.999980 0.000010
0.117196 0.882794 0.000010
0.099253 0.900737 0.000010
0.999637 0.000353 0.000010
0.999138 0.000852 0.000010
0.674469 0.302727 0.022804
0.943922 0.056068 0.000010
0.999926 0.000064 0.000010
0.147192 0.848142 0.004666
0.993958 0.006032 0.000010
0.987612 0.012378 0.000010
0.815424 0.166382 0.018194
0.948864 0.051126 0.000010
0.997940 0.001417 0.000643
0.123425 0.865140 0.011435
0.133224 0.861919 0.004857
0.000010 0.999980 0.000010
0.999980 0.000010 0.000010
0.000010 0.999980 0.000010
0.999980 0.000010 0.000010
0.000010 0.999980 0.000010
0.999970 0.000020 0.000010
0.884615 0.115375 0.000010
0.000010 0.999980 0.000010
0.000010 0.999980 0.000010
0.999980 0.000010 0.000010
0.732898 0.267092 0.000010
0.999980 0.000010 0.000010
0.000010 0.999980 0.000010
0.999980 0.000010 0.000010
0.734935 0.265055 0.000010
0.999980 0.000010 0.000010
0.000010 0.999980 0.000010
0.718974 0.281016 0.000010
0.645143 0.354847 0.000010
0.000010 0.999980 0.000010
0.000010 0.999980 0.000010
0.000010 0.999980 0.000010
0.999980 0.000010 0.000010
